19312250000010017
38093150000011014
15303254000011978
11460650000011985
15404753000011985
15404753000011986
38004450000011987
17011650000011988
51208450000011990
51211150000011990
17011950000011990
17011950000011991
17021850000011991
51206050000011991
17012050000011991
17011650000011991
51209950000011991
51184250000011991
51144250000011991
51141350000011992
51135050000011992
51208450000011992
51135950000011992
51209150000011992
20005650000011992
25500050000011993
17007550000011993
18302350000011993
25002050000011993
34302354000011993
51206050000011993
15305650000011993
25501750000011994
15000550000011994
15403950000011994
17019850000011994
34302354000011994
19300250000011994
51211250000011994
25500950000011994
17019550000011994
25502250000011994
27316750000011994
17007854000011994
11360250000011994
25502550000011994
15302350000011994
36400150000011994
11461850000011994
15301250000011994
20300150000011994
13002950000011994
25442050000011994
17016050000011994
17004150000011994
19311050000011994
51017050000011994
17004750000011994
17001450000011994
38004150000011994
15321750000011994
17005550000011994
36420150000011994
38003250000011994
15302550000011994
17007550000011994
16007150000011994
17008854000011994
17031250000011994
26400150000011994
36420350000011994
19311150000011994
36400151000011994
51135950000011994
42000150000011994
51017950000011994
17303050000011994
17002850000011994
25442350000011994
13003050000011994
25005550000011994
15319650000011994
25009850000011994
25501550000011994
25502750000011994
27308950000011995
17014850000011995
25500050000011995
26400150000011995
25503250000011995
25502150000011995
13006950000011995
25501850000011995
11006150000011995
25501550000011995
27316750000011995
25502250000011995
26400850000011995
17020750000011995
25444850000011995
17013550000011995
15311450000011995
17031250000011995
15404050000011995
13002350000011995
27300750000011995
15403250000011995
15304750000011995
13009450000011995
25500450000011995
25006150000011995
25502050000011995
25502550000011995
17017050000011995
18302550000011995
11461850000011995
27308750000011995
13001450000011995
25003750000011995
25003150000011995
25502750000011995
27302150000011995
51144650000011995
13533750000011995
11360250000011995
51141350000011995
51140150000011995
36400151000011995
20030450000011995
19312450000011995
38003250000011995
38001850000011995
38004150000011995
20009250000011995
51040550000011995
17004150000011995
38005150000011995
20002850000011995
15320450000011995
42000150000011995
13006050000011995
25000550000011995
17001050000011995
51008050000011995
44000650000011995
38005350000011995
51048050000011995
38005550000011995
51035050000011995
11470250000011995
17001950000011995
15000750000011995
38004250000011995
51135050000011995
11320150000011995
38004050000011995
51113550000011995
15321350000011995
06000150000011995
51141750000011995
13008050000011995
51051050000011995
41000350000011995
51017950000011995
20007350000011995
20005650000011995
51139350000011995
13007450000011995
19311150000011995
38001650000011995
38004450000011995
51076050000011995
17005550000011995
13002150000011995
16014350000011995
17004750000011995
15304550000011995
25002450000011995
24001950000011995
17005854000011995
36400150000011995
25003850000011995
11461050000011995
19302850000011995
36420450000011995
25002550000011995
15302850000011995
16007050000011995
15311554000011995
34302354000011995
34302350000011995
15301950000011995
13007250000011995
34302450000011995
13009550000011995
34301650000011995
34302250000011995
18302350000011995
18302450000011995
25005750000011995
17009050000011995
15303850000011995
34300650000011995
25444550000011995
27314750000011995
25442050000011995
27301750000011995
13005650000011995
25443050000011995
51144150000011995
38004550000011995
13520950000011995
34301550000011995
16008250000011995
34302550000011995
17014750000011995
20012350000011995
27308050000011996
13533750000011996
15301450000011996
17032350000011996
07002450000011996
15307050000011996
27301757000011996
13532550000011996
25502750000011996
25502550000011996
15305550000011996
13002350000011996
17019050000011996
25502250000011996
25502150000011996
26400150000011996
15305650000011996
17020750000011996
13531550000011996
25501950000011996
25501750000011996
25502050000011996
25502450000011996
15400350000011996
13002950000011996
15301050000011996
25500250000011996
25500150000011996
25500350000011996
27304150000011996
13003050000011996
25446250000011996
15404050000011996
25444550000011996
25501350000011996
15307150000011996
17032250000011996
26401150000011996
11360250000011996
17014750000011996
27302850000011996
15403250000011996
13006750000011996
25442150000011996
25443050000011996
15304550000011996
17013550000011996
25008450000011996
25442050000011996
25501450000011996
71100050000011996
74500050000011996
51211150000011996
15323050000011996
25006250000011996
77110050000011996
51209150000011996
15322550000011996
25005450000011996
17008050000011996
11012050000011996
51208350000011996
51208650000011996
51184250000011996
51200650000011996
51182750000011996
25002750000011996
51183550000011996
25002650000011996
51144950000011996
51144150000011996
25007750000011996
51180950000011996
51206050000011996
11463150000011996
24001150000011996
51141350000011996
06000150000011996
17004150000011996
51139350000011996
51135250000011996
51135950000011996
13006250000011996
20012750000011996
24012050000011996
51138150000011996
51141750000011996
51108050000011996
15004650000011996
17003850000011996
51058050000011996
17002850000011996
51067050000011996
51127050000011996
20008450000011996
51048050000011996
20007950000011996
51035050000011996
17002050000011996
51040550000011996
51142450000011996
51017050000011996
13006050000011996
20006350000011996
51000850000011996
51000450000011996
13001850000011996
13007750000011996
44000150000011996
20005550000011996
17000950000011996
17001050000011996
20005650000011996
51028050000011996
15320150000011996
20003750000011996
41001350000011996
16049550000011996
16046850000011996
20002850000011996
20004750000011996
41002050000011996
38005650000011996
39001650000011996
13002150000011996
41002250000011996
20001350000011996
20001450000011996
38005250000011996
20000551000011996
11320350000011996
17001850000011996
17005550000011996
38004850000011996
13006350000011996
15302750000011996
13007550000011996
17001950000011996
38004950000011996
51142550000011996
15004550000011996
38004150000011996
19312550000011996
38004050000011996
51051050000011996
11461050000011996
13007450000011996
20011550000011996
51089050000011996
38003650000011996
19318650000011996
16019450000011996
19311750000011996
38001650000011996
51135050000011996
38003050000011996
37303050000011996
19312450000011996
11462550000011996
36420150000011996
36400151000011996
15000450000011996
16014350000011996
15000550000011996
19310350000011996
36420350000011996
34302850000011996
16009150000011996
19309950000011996
15326150000011996
16008950000011996
34302750000011996
16008650000011996
19302850000011996
16011850000011996
19311050000011996
19318850000011996
36400150000011996
38004450000011996
19300250000011996
34302350000011996
34301950000011996
34302150000011996
15000150000011996
13009550000011996
18302550000011996
19301250000011996
34302250000011996
34302450000011996
17034050000011996
17034150000011996
33000550000011996
34300250000011996
15310350000011996
17033250000011996
15404450000011996
32301850000011996
32302050000011996
34301450000011996
11461850000011996
32300750000011996
16032250000011996
32300550000011996
32300850000011996
15200550000011996
15311450000011996
17303850000011996
13520950000011996
15304650000011996
12521050000011996
13005650000011996
32300350000011996
32301650000011996
13533750000011997
27314150000011997
27308050000011997
17032550000011997
27304150000011997
15403250000011997
27302150000011997
17030950000011997
27301750000011997
27300750000011997
17027150000011997
26400650000011997
26401150000011997
15404050000011997
13009350000011997
17028750000011997
17032850000011997
26401450000011997
25502850000011997
13531550000011997
17020750000011997
17019550000011997
17019850000011997
17019050000011997
15301250000011997
15399150000011997
25502450000011997
11461750000011997
17017750000011997
13006950000011997
25502050000011997
13002350000011997
15301054000011997
25502250000011997
17016950000011997
15305550000011997
15326654000011997
25501550000011997
17024850000011997
26400150000011997
13002950000011997
25500350000011997
13009050000011997
25500250000011997
11321050000011997
17015750000011997
15324050000011997
25446250000011997
15304750000011997
13528450000011997
25444550000011997
17015850000011997
25442150000011997
25442050000011997
17014350000011997
26400850000011997
17014750000011997
17013950000011997
15304550000011997
13520950000011997
17014250000011997
25008450000011997
25007750000011997
15325454000011997
25005950000011997
17011650000011997
17012050000011997
17010250000011997
25005750000011997
17008854000011997
